Mean = 8.0893922600 
STD = 2.4412664793 
ET = 6667 